name	model	mcode	type	type2	subType	cost	dropLevel	prop1	prop2	prop3	prop4	prop5	
傀儡娃娃	g0003_p_dod	8	3	0	0	50	0	-1	1	0	0	0
傀儡娃娃	g0003_s_dod	16	4	0	0	0	0	0	0	0	0	0
粉雪球	g0004_h_dod	2	1	0	0	0	0	0	0	0	0	0
粉雪球	g0004_j_dod	4	2	0	0	0	0	0	0	0	0	0
粉雪球	g0004_p_dod	8	3	0	0	0	0	0	0	0	0	0
粉雪球	g0004_s_dod	16	4	0	0	0	0	0	0	0	0	0
艳粉之舞	g0005_h_dod	2	1	0	0	0	0	0	0	0	0	0
艳粉之舞	g0005_jp_dod	12	9	0	0	0	0	0	0	0	0	0
艳粉之舞	g0005_s_dod	16	4	0	0	0	0	0	0	0	0	0
宫廷相伴	g0006_h_dod	2	1	0	0	0	0	0	0	0	0	0
宫廷相伴	g0006_jp_dod	12	9	0	0	0	0	0	0	0	0	0
宫廷相伴	g0006_s_dod	16	4	0	0	0	0	0	0	0	0	0
雪白柔情	g0007_h_dod	2	1	0	0	0	0	0	0	0	0	0
雪白柔情	g0007_jp_dod	12	9	0	0	0	0	0	0	0	0	0
雪白柔情	g0007_s_dod	16	4	0	0	0	0	0	0	0	0	0
雪夜梦游	g0008_h_dod	2	1	0	0	0	0	0	0	0	0	0
雪夜梦游	g0008_jp_dod	12	9	0	0	0	0	0	0	0	0	0
雪夜梦游	g0008_s_dod	16	4	0	0	0	0	0	0	0	0	0
花色魔女	g0009_h_dod	2	1	0	0	0	0	0	0	0	0	0
花色魔女	g0009_j_dod	4	2	0	0	0	0	0	0	0	0	0
花色魔女	g0009_p_dod	8	3	0	0	0	0	0	0	0	0	0
花色魔女	g0009_s_dod	16	4	0	0	0	0	0	0	0	0	0
花蕊之心	g0010_h_dod	2	1	0	0	0	0	0	0	0	0	0
花蕊之心	g0010_jp_dod	12	9	0	0	0	0	0	0	0	0	0
花蕊之心	g0010_s_dod	16	4	0	0	0	0	0	0	0	0	0
甜甜萌音	g0011_h_dod	2	1	0	0	0	0	0	0	0	0	0
甜甜萌音	g0011_jp_dod	12	9	0	0	0	0	0	0	0	0	0
甜甜萌音	g0011_s_dod	16	4	0	0	0	0	0	0	0	0	0
柠檬诱惑	g0012_h_dod	2	1	0	0	0	0	0	0	0	0	0
柠檬诱惑	g0012_j_dod	4	2	0	0	0	0	0	0	0	0	0
柠檬诱惑	g0012_s_dod	16	4	0	0	0	0	0	0	0	0	0
静雅如初	g0013_h_dod	2	1	0	0	0	0	0	0	0	0	0
雪色猫猫	g0013_j_dod	4	2	0	0	0	0	0	0	0	0	0
静雅如初	g0013_p_dod	8	3	0	0	0	0	0	0	0	0	0
洛奇美眉	g0013_s_dod	16	4	0	0	0	0	0	0	0	0	0
网络情侣	g0014_h_dod	2	1	0	0	0	0	0	0	0	0	0
网络情侣	g0014_j_dod	4	2	0	0	0	0	0	0	0	0	0
网络情侣	g0014_p_dod	8	3	0	0	0	0	0	0	0	0	0
静雅如初	g0014_s_dod	16	4	0	0	0	0	0	0	0	0	0
紫色迷情	g0015_h_dod	2	1	0	0	0	0	0	0	0	0	0
清爽情侣	g0015_j_dod	4	2	0	0	0	0	0	0	0	0	0
红色蔷薇	g0016_h_dod	2	1	0	0	0	0	0	0	0	0	0
红色蔷薇	g0016_j_dod	4	2	0	0	0	0	0	0	0	0	0
红色蔷薇	g0016_p_dod	8	3	0	0	0	0	0	0	0	0	0
红色蔷薇	g0016_s_dod	16	4	0	0	0	0	0	0	0	0	0
公主风范	g0017_h_dod	2	1	0	0	0	0	0	0	0	0	0
公主风范	g0017_jp_dod	12	9	0	0	0	0	0	0	0	0	0
公主风范	g0017_s_dod	16	4	0	0	0	0	0	0	0	0	0
玄色祈福	g0018_hjps_dod	30	9	0	0	0	0	0	0	0	0	0
阳光心情	g0019_h_dod	2	1	0	0	0	0	0	0	0	0	0
冷雨夜	g0019_j_dod	4	2	0	0	0	0	0	0	0	0	0
冷雨夜	g0019_p_dod	8	3	0	0	0	0	0	0	0	0	0
七月	g0020_h_dod	2	1	0	0	0	0	0	0	0	0	0
七月	g0020_j_dod	4	2	0	0	0	0	0	0	0	0	0
七月	g0020_p_dod	8	3	0	0	0	0	0	0	0	0	0
校园情侣	g0021_h_dod	2	1	0	0	0	0	0	0	0	0	0
校园情侣	g0021_j_dod	4	2	0	0	0	0	0	0	0	0	0
校园情侣	g0021_p_dod	8	3	0	0	0	0	0	0	0	0	0
校园情侣	g0021_s_dod	16	4	0	0	0	0	0	0	0	0	0
魅舞轻纱	g0022_h_dod	2	1	0	0	0	0	0	0	0	0	0
魅舞轻纱	g0022_jp_dod	12	9	0	0	0	0	0	0	0	0	0
魅舞轻纱	g0022_s_dod	16	4	0	0	0	0	0	0	0	0	0
可爱情侣	g0023_h_dod	2	1	0	0	0	0	0	0	0	0	0
可爱情侣	g0023_j_dod	4	2	0	0	0	0	0	0	0	0	0
可爱情侣	g0023_p_dod	8	3	0	0	0	0	0	0	0	0	0
可爱情侣	g0023_s_dod	16	4	0	0	0	0	0	0	0	0	0
潮流女生	g0024_h_dod	2	1	0	0	0	0	0	0	0	0	0
潮流女生	g0024_j_dod	4	2	0	0	0	0	0	0	0	0	0
潮流女生	g0024_p_dod	8	3	0	0	0	0	0	0	0	0	0
潮流女生	g0024_s_dod	16	4	0	0	0	0	0	0	0	0	0
模范情侣	g0025_h_dod	2	1	0	0	0	2	-4	0	-2	0	0
模范情侣	g0025_jp_dod	12	9	0	0	0	0	0	0	0	0	0
模范情侣	g0025_s_dod	16	4	0	0	0	0	0	0	0	0	0
狸猫之恋	g0026_h_dod	2	1	0	0	0	0	0	0	0	0	0
狸猫之恋	g0026_j_dod	4	2	0	0	0	0	0	0	0	0	0
狸猫之恋	g0026_p_dod	8	3	0	0	0	0	0	0	0	0	0
狸猫之恋	g0026_s_dod	16	4	0	0	0	0	0	0	0	0	0
暖冬萌爱	g0027_h_dod	2	1	0	0	0	0	0	0	0	0	0
暖冬萌爱	g0027_jp_dod	12	9	0	0	0	0	0	0	0	0	0
暖冬萌爱	g0027_s_dod	16	4	0	0	0	0	0	0	0	0	0
小妮子	g0028_h_dod	2	1	0	0	0	0	0	0	0	0	0
小妮子	g0028_j_dod	4	2	0	0	0	0	0	0	0	0	0
小妮子	g0028_p_dod	8	3	0	0	0	0	0	0	0	0	0
小妮子	g0028_s_dod	16	4	0	0	0	0	0	0	0	0	0
萌宠之恋	g0029_h_dod	2	1	0	0	0	0	0	0	0	0	0
萌宠之恋	g0029_jp_dod	12	9	0	0	0	0	0	0	0	0	0
萌宠之恋	g0029_s_dod	16	4	0	0	0	0	0	0	0	0	0
彩虹甜心	g0030_p_dod	8	3	0	0	0	0	0	0	0	0	0
彩虹甜心	g0030_s_dod	16	4	0	0	0	0	0	0	0	0	0
蕾丝秀女	g0031_h_dod	2	1	0	0	0	0	0	0	0	0	0
蕾丝秀女	g0031_jp_dod	12	9	0	0	0	0	0	0	0	0	0
蕾丝秀女	g0031_s_dod	16	4	0	0	0	0	0	0	0	0	0
极速美眉	g0032_h_dod	2	1	0	0	0	0	0	0	0	0	0
极速美眉	g0032_jp_dod	12	9	0	0	0	0	0	0	0	0	0
极速美眉	g0032_s_dod	16	4	0	0	0	0	0	0	0	0	0
性感莎拉	g0033_h_dod	2	1	0	0	0	0	0	0	0	0	0
性感莎拉	g0033_j_dod	4	2	0	0	0	0	0	0	0	0	0
性感莎拉	g0033_p_dod	8	3	0	0	0	0	0	0	0	0	0
性感莎拉	g0033_s_dod	16	4	0	0	0	0	0	0	0	0	0
春田花花	g0034_h_dod	2	1	0	0	0	0	0	0	0	0	0
春田花花	g0034_j_dod	4	2	0	0	0	0	0	0	0	0	0
春田花花	g0034_p_dod	8	3	0	0	0	0	0	0	0	0	0
春田花花	g0034_s_dod	16	4	0	0	0	0	0	0	0	0	0
英姿丽人	g0035_h_dod	2	1	0	0	0	0	0	0	0	0	0
英姿丽人	g0035_j_dod	4	2	0	0	0	0	0	0	0	0	0
英姿丽人	g0035_p_dod	8	3	0	0	0	0	0	0	0	0	0
英姿丽人	g0035_s_dod	16	4	0	0	0	0	0	0	0	0	0
冰色倾诉	g0036_h_dod	2	1	0	0	0	0	0	0	0	0	0
冰色倾诉	g0036_j_dod	4	2	0	0	0	0	0	0	0	0	0
冰色倾诉	g0036_p_dod	8	3	0	0	0	0	0	0	0	0	0
冰色倾诉	g0036_s_dod	16	4	0	0	0	0	0	0	0	0	0
浪漫满屋	g0037_h_dod	2	1	0	0	0	0	0	0	0	0	0
浪漫满屋	g0037_j_dod	4	2	0	0	0	0	0	0	0	0	0
浪漫满屋	g0037_p_dod	8	3	0	0	0	0	0	0	0	0	0
浪漫满屋	g0037_s_dod	16	4	0	0	0	0	0	0	0	0	0
宫廷之魅	g0038_h_dod	2	1	0	0	0	0	0	0	0	0	0
宫廷之魅	g0038_jp_dod	12	9	0	0	0	0	0	0	0	0	0
宫廷之魅	g0038_s_dod	16	4	0	0	0	0	0	0	0	0	0
圣洁情侣	g0039_h_dod	2	1	0	0	0	0	3	3	3	0	0
圣洁情侣	g0039_jp_dod	12	9	0	0	0	0	0	0	0	0	0
圣洁情侣	g0039_s_dod	16	4	0	0	0	0	0	0	0	0	0
甜蜜婚礼	g0040_h_dod	2	1	0	0	0	0	0	0	0	0	0
甜蜜婚礼	g0040_jp_dod	12	9	0	0	0	0	0	0	0	0	0
甜蜜婚礼	g0040_s_dod	16	4	0	0	0	0	0	0	0	0	0
圣翼诱惑	g0041_h_dod	2	1	0	0	0	0	0	0	0	0	0
圣翼诱惑	g0041_jp_dod	12	9	0	0	0	0	0	0	0	0	0
圣翼诱惑	g0041_s_dod	16	4	0	0	0	0	0	0	0	0	0
浣花月人	g0042_h_dod	2	1	0	0	0	0	2	2	-2	2	0
浣花月人	g0042_j_dod	4	2	0	0	0	0	0	0	0	0	0
浣花月人	g0042_p_dod	8	3	0	0	0	0	0	0	0	0	0
浣花月人	g0042_s_dod	16	4	0	0	0	0	0	0	0	0	0
街头时尚	g0043_h_dod	2	1	0	0	0	0	0	0	0	0	0
靓丽丫丫（白）	g0043_j_dod	4	2	0	0	0	0	0	0	0	0	0
学院潮流（橘红）	g0043_p_dod	8	3	0	0	0	0	0	0	0	0	0
随意心情	g0043_s_dod	16	4	0	0	0	0	0	0	0	0	0
街头时尚（紫）	g0044_h_dod	2	1	0	0	0	0	0	0	0	0	0
靓丽丫丫	g0044_j_dod	4	2	0	0	0	0	0	0	0	0	0
学院潮流	g0044_p_dod	8	3	0	0	0	0	0	0	0	0	0
蓝色恋曲	g0045_h_dod	2	1	0	0	0	0	0	0	0	0	0
蓝色恋曲	g0045_j_dod	4	2	0	0	0	0	0	0	0	0	0
蓝色恋曲	g0045_p_dod	8	3	0	0	0	0	0	0	0	0	0
蓝色恋曲	g0045_s_dod	16	4	0	0	0	0	0	0	0	0	0
橘色恋曲	g0046_h_dod	2	1	0	0	0	0	1	2	-2	-2	0
橘色恋曲	g0046_j_dod	4	2	0	0	0	0	0	0	0	0	0
橘色恋曲	g0046_p_dod	8	3	0	0	0	0	0	0	0	0	0
橘色恋曲	g0046_s_dod	16	4	0	0	0	0	0	0	0	0	0
熟女风情	g0047_j_dod	4	2	0	0	0	0	0	0	0	0	0
熟女风情	g0047_p_dod	8	3	0	0	0	0	0	0	0	0	0
魅惑豹纹	g0048_h_dod	2	1	0	0	0	0	0	0	0	0	0
魅惑豹纹	g0048_j_dod	4	2	0	0	0	0	0	0	0	0	0
魅惑豹纹	g0048_p_dod	8	3	0	0	0	0	0	0	0	0	0
魅惑豹纹	g0048_s_dod	16	4	0	0	0	0	0	0	0	0	0
炫彩之恋	g0049_h_dod	2	1	0	0	0	0	0	0	0	0	0
炫彩之恋	g0049_j_dod	4	2	0	0	0	0	0	0	0	0	0
炫彩之恋	g0049_p_dod	8	3	0	0	0	0	0	0	0	0	0
炫彩之恋	g0049_s_dod	16	4	0	0	0	0	0	0	0	0	0
酷炫美眉	g0050_h_dod	2	1	0	0	0	0	0	0	0	0	0
酷炫美眉	g0050_j_dod	4	2	0	0	0	0	0	0	0	0	0
酷炫美眉	g0050_p_dod	8	3	0	0	0	0	0	0	0	0	0
酷炫美眉	g0050_s_dod	16	4	0	0	0	0	0	0	0	0	0
星条时尚	g0051_h_dod	2	1	0	0	0	0	0	0	0	0	0
星条时尚	g0051_j_dod	4	2	0	0	0	0	0	0	0	0	0
星条时尚	g0051_p_dod	8	3	0	0	0	0	0	0	0	0	0
星条时尚	g0051_s_dod	16	4	0	0	0	0	0	0	0	0	0
静雅如初	g0052_j_dod	4	2	0	0	0	0	0	0	0	0	0
柠檬诱惑	g0052_p_dod	8	3	0	0	0	0	0	0	0	0	0
静雅如初（蓝）	g0053_j_dod	4	2	0	0	0	0	0	0	0	0	0
简约之风	g0053_p_dod	8	3	0	0	0	0	0	0	0	0	0
红色风尚	g0054_h_dod	2	1	0	0	0	0	0	0	0	0	0
红色风尚	g0054_j_dod	4	2	0	0	0	0	0	0	0	0	0
红色风尚	g0054_p_dod	8	3	0	0	0	0	0	0	0	0	0
红色风尚	g0054_s_dod	16	4	0	0	0	0	0	0	0	0	0
纯纯的爱	g0055_jp_dod	12	9	0	0	0	0	0	0	0	0	0
火红的爱	g0056_jp_dod	12	9	0	0	0	0	0	0	0	0	0
时尚潮流	g0057_p_dod	8	3	0	0	0	0	0	0	0	0	0
时尚潮流	g0057_s_dod	16	4	0	0	0	0	0	0	0	0	0
糖果诱惑	g0058_h_dod	2	1	0	0	0	0	0	0	0	0	0
糖果诱惑	g0058_jp_dod	12	9	0	0	0	0	0	0	0	0	0
糖果诱惑	g0058_s_dod	16	4	0	0	0	0	0	0	0	0	0
粉馨少女	g0059_h_dod	2	1	0	0	0	0	0	0	0	0	0
粉馨少女	g0059_j_dod	4	2	0	0	0	0	0	0	0	0	0
粉馨少女	g0059_p_dod	8	3	0	0	0	0	0	0	0	0	0
粉馨少女	g0059_s_dod	16	4	0	0	0	0	0	0	0	0	0
青涩夜影	g0060_h_dod	2	1	0	0	0	0	0	0	0	0	0
青涩夜影	g0060_j_dod	4	2	0	0	0	0	0	0	0	0	0
青涩夜影	g0060_p_dod	8	3	0	0	0	0	0	0	0	0	0
青涩夜影	g0060_s_dod	16	4	0	0	0	0	0	0	0	0	0
舞魅夜影	g0061_h_dod	2	1	0	0	0	0	0	0	0	0	0
舞魅夜影	g0061_j_dod	4	2	0	0	0	0	0	0	0	0	0
舞魅夜影	g0061_p_dod	8	3	0	0	0	0	0	0	0	0	0
舞魅夜影	g0061_s_dod	16	4	0	0	0	0	0	0	0	0	0
晴空花影	g0062_h_dod	2	1	0	0	0	0	0	0	0	0	0
晴空花影	g0062_jp_dod	12	9	0	0	0	0	0	0	0	0	0
晴空花影	g0062_s_dod	16	4	0	0	0	0	0	0	0	0	0
清夏光影	g0063_h_dod	2	1	0	0	0	0	0	0	0	0	0
清夏光影	g0063_j_dod	4	2	0	0	0	0	0	0	0	0	0
清夏光影	g0063_p_dod	8	3	0	0	0	0	0	0	0	0	0
清夏光影	g0063_s_dod	16	4	0	0	0	0	0	0	0	0	0
初夏爱恋	g0064_h_dod	2	1	0	0	0	0	0	0	0	0	0
初夏爱恋	g0064_j_dod	4	2	0	0	0	0	0	0	0	0	0
初夏爱恋	g0064_p_dod	8	3	0	0	0	0	0	0	0	0	0
初夏爱恋	g0064_s_dod	16	4	0	0	0	0	0	0	0	0	0
蓝纹夏影	g0065_j_dod	4	2	0	0	0	0	0	0	0	0	0
蓝纹夏影	g0065_p_dod	8	3	0	0	0	0	0	0	0	0	0
白丽清梦	g0066_s_dod	16	4	0	0	0	0	0	0	0	0	0
海绵宝宝	g0067_h_dod	2	1	0	0	0	0	0	0	0	0	0
海绵宝宝	g0067_j_dod	4	2	0	0	0	0	0	0	0	0	0
海绵宝宝	g0067_p_dod	8	3	0	0	0	0	0	0	0	0	0
海绵宝宝	g0067_s_dod	16	4	0	0	0	0	0	0	0	0	0
诱惑情人	g0068_h_dod	2	1	0	0	0	0	0	0	0	0	0
诱惑情人	g0068_j_dod	4	2	0	0	0	0	0	0	0	0	0
诱惑情人	g0068_p_dod	8	3	0	0	0	0	0	0	0	0	0
诱惑情人	g0068_s_dod	16	4	0	0	0	0	0	0	0	0	0
蓝梦心音	g0069_h_dod	2	1	0	0	0	0	0	0	0	0	0
蓝梦心音	g0069_jp_dod	12	9	0	0	0	0	0	0	0	0	0
蓝梦心音	g0069_s_dod	16	4	0	0	0	0	0	0	0	0	0
提拉米苏	g0070_h_dod	2	1	0	0	0	0	0	0	0	0	0
提拉米苏	g0070_j_dod	4	2	0	0	0	0	0	0	0	0	0
提拉米苏	g0070_p_dod	8	3	0	0	0	0	0	0	0	0	0
提拉米苏	g0070_s_dod	16	4	0	0	0	0	0	0	0	0	0
世纪之恋	g0071_h_dod	2	1	0	0	0	0	0	0	0	0	0
世纪之恋	g0071_jp_dod	12	9	0	0	0	0	0	0	0	0	0
世纪之恋	g0071_s_dod	16	4	0	0	0	0	0	0	0	0	0
星夜婚礼	g0072_h_dod	2	1	0	0	0	0	0	0	0	0	0
星夜婚礼	g0072_jp_dod	12	9	0	0	0	0	0	0	0	0	0
星夜婚礼	g0072_s_dod	16	4	0	0	0	0	0	0	0	0	0
金色琴弦	g0073_h_dod	2	1	0	0	0	0	0	0	0	0	0
金色琴弦	g0073_j_dod	4	2	0	0	0	0	0	0	0	0	0
金色琴弦	g0073_p_dod	8	3	0	0	0	0	0	0	0	0	0
金色琴弦	g0073_s_dod	16	4	0	0	0	0	0	0	0	0	0
凹凸曼之爱	g0074_h_dod	2	1	0	0	0	0	0	0	0	0	0
凹凸曼之爱	g0074_jps_dod	28	9	0	0	0	0	0	0	0	0	0
多摩宝贝	g0075_h_dod	2	1	0	0	0	0	0	0	0	0	0
多摩宝贝	g0075_j_dod	4	2	0	0	0	0	0	0	0	0	0
多摩宝贝	g0075_p_dod	8	3	0	0	0	0	0	0	0	0	0
多摩宝贝	g0075_s_dod	16	4	0	0	0	0	0	0	0	0	0
阳光恋语	g0076_h_dod	2	1	0	0	0	0	0	0	0	0	0
阳光恋语	g0076_j_dod	4	2	0	0	0	0	0	0	0	0	0
阳光恋语	g0076_p_dod	8	3	0	0	0	0	0	0	0	0	0
阳光恋语	g0076_s_dod	16	4	0	0	0	0	0	0	0	0	0
轻舞鸿歌	g0077_h_dod	2	1	0	0	0	0	0	0	0	0	0
轻舞鸿歌	g0077_jp_dod	12	9	0	0	0	0	0	0	0	0	0
轻舞鸿歌	g0077_s_dod	16	4	0	0	0	0	0	0	0	0	0
萌爱小恐龙	g0078_hjps_dod	30	9	0	0	0	0	0	0	0	0	0
条纹青蛙情侣	g0079_h_dod	2	1	0	0	0	0	0	0	0	0	0
条纹青蛙情侣	g0079_jps_dod	28	9	0	0	0	0	0	0	0	0	0
粉色恋语	g0080_h_dod	2	1	0	0	0	0	0	0	0	0	0
粉色恋语	g0080_jp_dod	12	9	0	0	0	0	0	0	0	0	0
粉色恋语	g0080_s_dod	16	4	0	0	0	0	0	0	0	0	0
浪漫圣诞夜	g0081_h_dod	2	1	0	0	0	0	0	0	0	0	0
浪漫圣诞夜	g0081_jp_dod	12	9	0	0	0	0	0	0	0	0	0
浪漫圣诞夜	g0081_s_dod	16	4	0	0	0	0	0	0	0	0	0
甜蜜草莓	g0082_h_dod	2	1	0	0	0	0	0	0	0	0	0
甜蜜草莓	g0082_jp_dod	12	9	0	0	0	0	0	0	0	0	0
甜蜜草莓	g0082_s_dod	16	4	0	0	0	0	0	0	0	0	0
庆余年	g0083_h_dod	2	1	0	0	0	0	0	0	0	0	0
庆余年	g0083_jp_dod	12	9	0	0	0	0	0	0	0	0	0
庆余年	g0083_s_dod	16	4	0	0	0	0	0	0	0	0	0
字母恋人	g0084_h_dod	2	1	0	0	0	0	0	0	0	0	0
字母恋人	g0084_j_dod	4	2	0	0	0	0	0	0	0	0	0
字母恋人	g0084_p_dod	8	3	0	0	0	0	0	0	0	0	0
字母恋人	g0084_s_dod	16	4	0	0	0	0	0	0	0	0	0
月儿兔	g0085_hjps_dod	30	9	0	0	0	0	0	0	0	0	0
嘟嘟印记	g0086_h_dod	2	1	0	0	0	0	0	0	0	0	0
嘟嘟印记	g0086_j_dod	4	2	0	0	0	0	0	0	0	0	0
嘟嘟印记	g0086_p_dod	8	3	0	0	0	0	0	0	0	0	0
嘟嘟印记	g0086_s_dod	16	4	0	0	0	0	0	0	0	0	0
轻羽夜舞	g0087_h_dod	2	1	0	0	0	0	0	0	0	0	0
轻羽夜舞	g0087_jps_dod	28	9	0	0	0	0	0	0	0	0	0
大嘴娃娃	g0088_h_dod	2	1	0	0	0	0	0	0	0	0	0
大嘴娃娃	g0088_j_dod	4	2	0	0	0	0	0	0	0	0	0
大嘴娃娃	g0088_p_dod	8	3	0	0	0	0	0	0	0	0	0
大嘴娃娃	g0088_s_dod	16	4	0	0	0	0	0	0	0	0	0
喜庆年华	g0089_h_dod	2	1	0	0	0	0	0	0	0	0	0
喜庆年华	g0089_jp_dod	12	9	0	0	0	0	0	0	0	0	0
喜庆年华	g0089_s_dod	16	4	0	0	0	0	0	0	0	0	0
麋鹿天使	g0090_h_dod	2	1	0	0	0	0	0	0	0	0	0
麋鹿天使	g0090_j_dod	4	2	0	0	0	0	0	0	0	0	0
麋鹿天使	g0090_p_dod	8	3	0	0	0	0	0	0	0	0	0
麋鹿天使	g0090_s_dod	16	4	0	0	0	0	0	0	0	0	0
喜庆娃娃	g0091_h_dod	2	1	0	0	0	0	0	0	0	0	0
喜庆娃娃	g0091_jp_dod	12	9	0	0	0	0	0	0	0	0	0
喜庆娃娃	g0091_s_dod	16	4	0	0	0	0	0	0	0	0	0
幻羽天使	g0092_h_dod	2	1	0	0	0	0	0	0	0	0	0
幻羽天使	g0092_jp_dod	12	9	0	0	0	0	0	0	0	0	0
幻羽天使	g0092_s_dod	16	4	0	0	0	0	0	0	0	0	0
紫晶之恋	g0093_h_dod	2	1	0	0	0	0	0	0	0	0	0
紫晶之恋	g0093_j_dod	4	2	0	0	0	0	0	0	0	0	0
紫晶之恋	g0093_p_dod	8	3	0	0	0	0	0	0	0	0	0
紫晶之恋	g0093_s_dod	16	4	0	0	0	0	0	0	0	0	0
浪漫梦樱花	g0094_h_dod	2	1	0	0	0	0	0	0	0	0	0
浪漫梦樱花	g0094_jp_dod	12	9	0	0	0	0	0	0	0	0	0
浪漫梦樱花	g0094_s_dod	16	4	0	0	0	0	0	0	0	0	0
千年之恋	g0095_h_dod	2	1	0	0	0	0	0	0	0	0	0
千年之恋	g0095_jps_dod	28	9	0	0	0	0	0	0	0	0	0
荧光之恋	g0096_h_dod	2	1	0	0	0	0	0	0	0	0	0
荧光之恋	g0096_jp_dod	12	9	0	0	0	0	0	0	0	0	0
荧光之恋	g0096_s_dod	16	4	0	0	0	0	0	0	0	0	0
西部少女	g0097_h_dod	2	1	0	0	0	0	0	0	0	0	0
西部少女	g0097_j_dod	4	2	0	0	0	0	0	0	0	0	0
西部少女	g0097_p_dod	8	3	0	0	0	0	0	0	0	0	0
西部少女	g0097_s_dod	16	4	0	0	0	0	0	0	0	0	0
蜜糖恋人	g0098_h_dod	2	1	0	0	0	0	0	0	0	0	0
蜜糖恋人	g0098_j_dod	4	2	0	0	0	0	0	0	0	0	0
蜜糖恋人	g0098_p_dod	8	3	0	0	0	0	0	0	0	0	0
蜜糖恋人	g0098_s_dod	16	4	0	0	0	0	0	0	0	0	0
伊人之梦	g0099_h_dod	2	1	0	0	0	0	0	0	0	0	0
伊人之梦	g0099_j_dod	4	2	0	0	0	0	0	0	0	0	0
伊人之梦	g0099_p_dod	8	3	0	0	0	0	0	0	0	0	0
伊人之梦	g0099_s_dod	16	4	0	0	0	0	0	0	0	0	0
风华戏梦	g0100_h_dod	2	1	0	0	0	0	0	0	0	0	0
风华戏梦	g0100_j_dod	4	2	0	0	0	0	0	0	0	0	0
风华戏梦	g0100_p_dod	8	3	0	0	0	0	0	0	0	0	0
风华戏梦	g0100_s_dod	16	4	0	0	0	0	0	0	0	0	0
黑色幽默	g0101_h_dod	2	1	0	0	0	0	0	0	0	0	0
黑色幽默	g0101_j_dod	4	2	0	0	0	0	0	0	0	0	0
黑色幽默	g0101_p_dod	8	3	0	0	0	0	0	0	0	0	0
黑色幽默	g0101_s_dod	16	4	0	0	0	0	0	0	0	0	0
时尚宠儿	g0102_h_dod	2	1	0	0	0	0	0	0	0	0	0
时尚宠儿	g0102_j_dod	4	2	0	0	0	0	0	0	0	0	0
时尚宠儿	g0102_p_dod	8	3	0	0	0	0	0	0	0	0	0
时尚宠儿	g0102_s_dod	16	4	0	0	0	0	0	0	0	0	0
瑶花相月	g0103_h_dod	2	1	0	0	0	0	0	0	0	0	0
瑶花相月	g0103_jp_dod	12	9	0	0	0	0	0	0	0	0	0
瑶花相月	g0103_s_dod	16	4	0	0	0	0	0	0	0	0	0
倾城之恋	g0104_h_dod	2	1	0	0	0	0	0	0	0	0	0
倾城之恋	g0104_jp_dod	12	9	0	0	0	0	0	0	0	0	0
倾城之恋	g0104_s_dod	16	4	0	0	0	0	0	0	0	0	0
奢华女巫（黑）	g0105_h_dod	2	1	0	0	0	0	0	0	0	0	0
奢华女巫（黑）	g0105_jp_dod	12	9	0	0	0	0	0	0	0	0	0
奢华女巫（黑）	g0105_s_dod	16	4	0	0	0	0	0	0	0	0	0
乖乖女	g0106_h_dod	2	1	0	0	0	0	0	0	0	0	0
乖乖女	g0106_j_dod	4	2	0	0	0	0	0	0	0	0	0
乖乖女	g0106_p_dod	8	3	0	0	0	0	0	0	0	0	0
乖乖女	g0106_s_dod	16	4	0	0	0	0	0	0	0	0	0
粉饰茶靡	g0107_h_dod	2	1	0	0	0	0	0	0	0	0	0
粉饰茶靡	g0107_j_dod	4	2	0	0	0	0	0	0	0	0	0
粉饰茶靡	g0107_p_dod	8	3	0	0	0	0	0	0	0	0	0
粉饰茶靡	g0107_s_dod	16	4	0	0	0	0	0	0	0	0	0
清清小美	g0108_h_dod	2	1	0	0	0	0	0	0	0	0	0
清清小美	g0108_j_dod	4	2	0	0	0	0	0	0	0	0	0
清清小美	g0108_p_dod	8	3	0	0	0	0	0	0	0	0	0
清清小美	g0108_s_dod	16	4	0	0	0	0	0	0	0	0	0
轻舞飞扬	g0109_h_dod	2	1	0	0	0	0	0	0	0	0	0
轻舞飞扬	g0109_jp_dod	12	9	0	0	0	0	0	0	0	0	0
轻舞飞扬	g0109_s_dod	16	4	0	0	0	0	0	0	0	0	0
香甜水果	g0110_h_dod	2	1	0	0	0	0	0	0	0	0	0
香甜水果	g0110_j_dod	4	2	0	0	0	0	0	0	0	0	0
香甜水果	g0110_p_dod	8	3	0	0	0	0	0	0	0	0	0
香甜水果	g0110_s_dod	16	4	0	0	0	0	0	0	0	0	0
舞女纯情	g0111_h_dod	2	1	0	0	0	0	0	0	0	0	0
舞女纯情	g0111_j_dod	4	2	0	0	0	0	0	0	0	0	0
舞女纯情	g0111_p_dod	8	3	0	0	0	0	0	0	0	0	0
舞女纯情	g0111_s_dod	16	4	0	0	0	0	0	0	0	0	0
梦兰春月	g0112_h_dod	2	1	0	0	0	0	0	0	0	0	0
梦兰春月	g0112_j_dod	4	2	0	0	0	0	0	0	0	0	0
梦兰春月	g0112_p_dod	8	3	0	0	0	0	0	0	0	0	0
梦兰春月	g0112_s_dod	16	4	0	0	0	0	0	0	0	0	0
清夏花影	g0113_h_dod	2	1	0	0	0	0	0	0	0	0	0
清夏花影	g0113_j_dod	4	2	0	0	0	0	0	0	0	0	0
清夏花影	g0113_p_dod	8	3	0	0	0	0	0	0	0	0	0
清夏花影	g0113_s_dod	16	4	0	0	0	0	0	0	0	0	0
夏梦笙歌	g0114_h_dod	2	1	0	0	0	0	0	0	0	0	0
夏梦笙歌	g0114_jp_dod	12	9	0	0	0	0	0	0	0	0	0
夏梦笙歌	g0114_s_dod	16	4	0	0	0	0	0	0	0	0	0
绿精灵	g0115_h_dod	2	1	0	0	0	0	0	0	0	0	0
绿精灵	g0115_jp_dod	12	9	0	0	0	0	0	0	0	0	0
绿精灵	g0115_s_dod	16	4	0	0	0	0	0	0	0	0	0
虞美人影	g0116_h_dod	2	1	0	0	0	0	0	0	0	0	0
虞美人影	g0116_jp_dod	12	9	0	0	0	0	0	0	0	0	0
虞美人影	g0116_s_dod	16	4	0	0	0	0	0	0	0	0	0
紫兰花语	g0120_h_dod	2	1	0	0	0	0	0	0	0	0	0
紫兰花语	g0120_jp_dod	12	9	0	0	0	0	0	0	0	0	0
紫兰花语	g0120_s_dod	16	4	0	0	0	0	0	0	0	0	0
繁星魅影	g0121_h_dod	2	1	0	0	0	0	0	0	0	0	0
繁星魅影	g0121_jp_dod	12	9	0	0	0	0	0	0	0	0	0
繁星魅影	g0121_s_dod	16	4	0	0	0	0	0	0	0	0	0
蓝梦花韵	g0122_h_dod	2	1	0	0	0	0	0	0	0	0	0
蓝梦花韵	g0122_jp_dod	12	9	0	0	0	0	0	0	0	0	0
蓝梦花韵	g0122_s_dod	16	4	0	0	0	0	0	0	0	0	0
银装舞娘	g0123_h_dod	2	1	0	0	0	0	0	0	0	0	0
银装舞娘	g0123_j_dod	4	2	0	0	0	0	0	0	0	0	0
银装舞娘	g0123_p_dod	8	3	0	0	0	0	0	0	0	0	0
银装舞娘	g0123_s_dod	16	4	0	0	0	0	0	0	0	0	0
虞美伶人	g0126_h_dod	2	1	0	0	0	0	0	0	0	0	0
虞美伶人	g0126_jp_dod	12	9	0	0	0	0	0	0	0	0	0
虞美伶人	g0126_s_dod	16	4	0	0	0	0	0	0	0	0	0
g0127_h_dod	g0127_h_dod	2	1	0	0	0	0	0	0	0	0	0
g0127_j_dod	g0127_j_dod	4	2	0	0	0	0	0	0	0	0	0
g0127_p_dod	g0127_p_dod	8	3	0	0	0	0	0	0	0	0	0
g0127_s_dod	g0127_s_dod	16	4	0	0	0	0	0	0	0	0	0
花香满人	g0130_h_dod	2	1	0	0	0	0	0	0	0	0	0
花香满人	g0130_jp_dod	12	9	0	0	0	0	0	0	0	0	0
花香满人	g0130_s_dod	16	4	0	0	0	0	0	0	0	0	0
清凉一夏	g0131_h_dod	2	1	0	0	0	0	0	0	0	0	0
清凉一夏	g0131_j_dod	4	2	0	0	0	0	0	0	0	0	0
清凉一夏	g0131_p_dod	8	3	0	0	0	0	0	0	0	0	0
清凉一夏	g0131_s_dod	16	4	0	0	0	0	0	0	0	0	0
少女时代	g0138_h_dod	2	1	0	0	0	0	0	0	0	0	0
少女时代	g0138_jp_dod	12	9	0	0	0	0	0	0	0	0	0
少女时代	g0138_s_dod	16	4	0	0	0	0	0	0	0	0	0
蜜彩情谊	g0140_h_dod	2	1	0	0	0	0	0	0	0	0	0
蜜彩情谊	g0140_j_dod	4	2	0	0	0	0	0	0	0	0	0
蜜彩情谊	g0140_p_dod	8	3	0	0	0	0	0	0	0	0	0
蜜彩情谊	g0140_s_dod	16	4	0	0	0	0	0	0	0	0	0
允儿	g0145_h_dod	2	1	0	0	0	0	0	0	0	0	0
允儿	g0145_jp_dod	12	9	0	0	0	0	0	0	0	0	0
允儿	g0145_s_dod	16	4	0	0	0	0	0	0	0	0	0
至尊爱恋	g0146_h_dod	2	1	0	0	0	0	0	0	0	0	0
至尊爱恋	g0146_jps_dod	28	9	0	0	0	0	0	0	0	0	0
松鼠宝宝	g2000_hjps_dod	30	9	0	0	0	0	0	0	0	0	0
鸢尾之恋（红）	g2001_h_dod	2	1	0	0	0	0	0	0	0	0	0
鸢尾之恋（红）	g2001_jp_dod	12	9	0	0	0	0	0	0	0	0	0
鸢尾之恋（红）	g2001_s_dod	16	4	0	0	0	0	0	0	0	0	0
花衣天使	g2002_h_dod	2	1	0	0	0	0	0	0	0	0	0
花衣天使	g2002_jp_dod	12	9	0	0	0	0	0	0	0	0	0
花衣天使	g2002_s_dod	16	4	0	0	0	0	0	0	0	0	0
鸢尾之恋（白）	g2003_h_dod	2	1	0	0	0	0	0	0	0	0	0
鸢尾之恋（白）	g2003_jp_dod	12	9	0	0	0	0	0	0	0	0	0
鸢尾之恋（白）	g2003_s_dod	16	4	0	0	0	0	0	0	0	0	0
馨香天使	g2004_h_dod	2	1	0	0	0	0	0	0	0	0	0
馨香天使	g2004_jp_dod	12	9	0	0	0	0	0	0	0	0	0
馨香天使	g2004_s_dod	16	4	0	0	0	0	0	0	0	0	0
萤光爱恋	g2005_h_dod	2	1	0	0	0	0	0	0	0	0	0
萤光爱恋	g2005_jp_dod	12	9	0	0	0	0	0	0	0	0	0
萤光爱恋	g2005_s_dod	16	4	0	0	0	0	0	0	0	0	0
精灵之舞	g2006_h_dod	2	1	0	0	0	0	0	0	0	0	0
精灵之舞	g2006_jp_dod	12	9	0	0	0	0	0	0	0	0	0
精灵之舞	g2006_s_dod	16	4	0	0	0	0	0	0	0	0	0
紫萱之恋	g2007_h_dod	2	1	0	0	0	0	0	0	0	0	0
紫萱之恋	g2007_jp_dod	12	9	0	0	0	0	0	0	0	0	0
紫萱之恋	g2007_s_dod	16	4	0	0	0	0	0	0	0	0	0
恋恋心语	g2008_h_dod	2	1	0	0	0	0	0	0	0	0	0
恋恋心语	g2008_j_dod	4	2	0	0	0	0	0	0	0	0	0
恋恋心语	g2008_p_dod	8	3	0	0	0	0	0	0	0	0	0
恋恋心语	g2008_s_dod	16	4	0	0	0	0	0	0	0	0	0
萝莉女王	g2009_h_dod	2	1	0	0	0	0	0	0	0	0	0
萝莉女王	g2009_jp_dod	12	9	0	0	0	0	0	0	0	0	0
萝莉女王	g2009_s_dod	16	4	0	0	0	0	0	0	0	0	0
泡沫之爱	g2010_h_dod	2	1	0	0	0	0	0	0	0	0	0
泡沫之爱	g2010_jp_dod	12	9	0	0	0	0	0	0	0	0	0
泡沫之爱	g2010_s_dod	16	4	0	0	0	0	0	0	0	0	0
雪狐情缘	g2011_h_dod	2	1	0	0	0	0	0	0	0	0	0
雪狐情缘	g2011_jp_dod	12	9	0	0	0	0	0	0	0	0	0
雪狐情缘	g2011_s_dod	16	4	0	0	0	0	0	0	0	0	0
星梦奇缘（紫）	g2012_jp_dod	12	9	0	0	0	0	0	0	0	0	0
星梦奇缘（紫）	g2012_s_dod	16	4	0	0	0	0	0	0	0	0	0
星梦奇缘（红）	g2013_jp_dod	12	9	0	0	0	0	0	0	0	0	0
星梦奇缘（红）	g2013_s_dod	16	4	0	0	0	0	0	0	0	0	0
星梦奇缘（黄）	g2014_jp_dod	12	9	0	0	0	0	0	0	0	0	0
星梦奇缘（黄）	g2014_s_dod	16	4	0	0	0	0	0	0	0	0	0
眯眯恋人	g2015_h_dod	2	1	0	0	0	0	0	0	0	0	0
眯眯恋人	g2015_j_dod	4	2	0	0	0	0	0	0	0	0	0
眯眯恋人	g2015_p_dod	8	3	0	0	0	0	0	0	0	0	0
眯眯恋人	g2015_s_dod	16	4	0	0	0	0	0	0	0	0	0
哈皮情侣	g2016_h_dod	2	1	0	0	0	0	0	0	0	0	0
哈皮情侣	g2016_jp_dod	12	9	0	0	0	0	0	0	0	0	0
哈皮情侣	g2016_s_dod	16	4	0	0	0	0	0	0	0	0	0
初恋日记	g2017_h_dod	2	1	0	0	0	0	0	0	0	0	0
初恋日记	g2017_j_dod	4	2	0	0	0	0	0	0	0	0	0
初恋日记	g2017_p_dod	8	3	0	0	0	0	0	0	0	0	0
初恋日记	g2017_s_dod	16	4	0	0	0	0	0	0	0	0	0
彩色恋歌	g2018_h_dod	2	1	0	0	0	0	0	0	0	0	0
彩色恋歌	g2018_j_dod	4	2	0	0	0	0	0	0	0	0	0
彩色恋歌	g2018_p_dod	8	3	0	0	0	0	0	0	0	0	0
彩色恋歌	g2018_s_dod	16	4	0	0	0	0	0	0	0	0	0
甜蜜爱吻	g2019_h_dod	2	1	0	0	0	0	0	0	0	0	0
甜蜜爱吻	g2019_j_dod	4	2	0	0	0	0	0	0	0	0	0
甜蜜爱吻	g2019_p_dod	8	3	0	0	0	0	0	0	0	0	0
甜蜜爱吻	g2019_s_dod	16	4	0	0	0	0	0	0	0	0	0
爱的记忆	g2020_h_dod	2	1	0	0	0	0	0	0	0	0	0
爱的记忆	g2020_j_dod	4	2	0	0	0	0	0	0	0	0	0
爱的记忆	g2020_p_dod	8	3	0	0	0	0	0	0	0	0	0
爱的记忆	g2020_s_dod	16	4	0	0	0	0	0	0	0	0	0
温情恋人	g2022_h_dod	2	1	0	0	0	0	0	0	0	0	0
温情恋人	g2022_j_dod	4	2	0	0	0	0	0	0	0	0	0
温情恋人	g2022_p_dod	8	3	0	0	0	0	0	0	0	0	0
温情恋人	g2022_s_dod	16	4	0	0	0	0	0	0	0	0	0
黑色情人	g2023_h_dod	2	1	0	0	0	0	0	0	0	0	0
黑色情人	g2023_j_dod	4	2	0	0	0	0	0	0	0	0	0
黑色情人	g2023_p_dod	8	3	0	0	0	0	0	0	0	0	0
黑色情人	g2023_s_dod	16	4	0	0	0	0	0	0	0	0	0
学院柔情	g2024_h_dod	2	1	0	0	0	0	0	0	0	0	0
学院柔情	g2024_j_dod	4	2	0	0	0	0	0	0	0	0	0
学院柔情	g2024_p_dod	8	3	0	0	0	0	0	0	0	0	0
学院柔情	g2024_s_dod	16	4	0	0	0	0	0	0	0	0	0
情花之恋	g2025_h_dod	2	1	0	0	0	0	0	0	0	0	0
情花之恋	g2025_j_dod	4	2	0	0	0	0	0	0	0	0	0
情花之恋	g2025_p_dod	8	3	0	0	0	0	0	0	0	0	0
情花之恋	g2025_s_dod	16	4	0	0	0	0	0	0	0	0	0
幻白之恋	g2026_h_dod	2	1	0	0	0	0	0	0	0	0	0
幻白之恋	g2026_jp_dod	12	9	0	0	0	0	0	0	0	0	0
幻白之恋	g2026_s_dod	16	4	0	0	0	0	0	0	0	0	0
丫丫恋人	g2027_h_dod	2	1	0	0	0	0	0	0	0	0	0
丫丫恋人	g2027_j_dod	4	2	0	0	0	0	0	0	0	0	0
丫丫恋人	g2027_p_dod	8	3	0	0	0	0	0	0	0	0	0
丫丫恋人	g2027_s_dod	16	4	0	0	0	0	0	0	0	0	0
可爱唧唧	g2028_h_dod	2	1	0	0	0	0	0	0	0	0	0
可爱唧唧	g2028_j_dod	4	2	0	0	0	0	0	0	0	0	0
可爱唧唧	g2028_p_dod	8	3	0	0	0	0	0	0	0	0	0
可爱唧唧	g2028_s_dod	16	4	0	0	0	0	0	0	0	0	0
眯眯恋人（黑）	g2030_h_dod	2	1	0	0	0	0	0	0	0	0	0
眯眯恋人（黑）	g2030_j_dod	4	2	0	0	0	0	0	0	0	0	0
眯眯恋人（黑）	g2030_p_dod	8	3	0	0	0	0	0	0	0	0	0
眯眯恋人（黑）	g2030_s_dod	16	4	0	0	0	0	0	0	0	0	0
清涩恋语（蓝）	g2031_h_dod	2	1	0	0	0	0	0	0	0	0	0
清涩恋语（蓝）	g2031_jp_dod	12	9	0	0	0	0	0	0	0	0	0
清涩恋语（蓝）	g2031_s_dod	16	4	0	0	0	0	0	0	0	0	0
军旅红颜（黑）	g2032_h_dod	2	1	0	0	0	0	0	0	0	0	0
军旅红颜（黑）	g2032_j_dod	4	2	0	0	0	0	0	0	0	0	0
军旅红颜（黑）	g2032_p_dod	8	3	0	0	0	0	0	0	0	0	0
军旅红颜（黑）	g2032_s_dod	16	4	0	0	0	0	0	0	0	0	0
纯色物语	g2033_h_dod	2	1	0	0	0	0	0	0	0	0	0
纯色物语	g2033_j_dod	4	2	0	0	0	0	0	0	0	0	0
纯色物语	g2033_p_dod	8	3	0	0	0	0	0	0	0	0	0
纯色物语	g2033_s_dod	16	4	0	0	0	0	0	0	0	0	0
清荷爱恋	g2034_h_dod	2	1	0	0	0	0	0	0	0	0	0
清荷爱恋	g2034_j_dod	4	2	0	0	0	0	0	0	0	0	0
清荷爱恋	g2034_p_dod	8	3	0	0	0	0	0	0	0	0	0
清荷爱恋	g2034_s_dod	16	4	0	0	0	0	0	0	0	0	0
蜜彩恋人	g2035_h_dod	2	1	0	0	0	0	0	0	0	0	0
蜜彩恋人	g2035_jp_dod	12	9	0	0	0	0	0	0	0	0	0
蜜彩恋人	g2035_s_dod	16	4	0	0	0	0	0	0	0	0	0
迷情之约	g2036_h_dod	2	1	0	0	0	0	0	0	0	0	0
迷情之约	g2036_j_dod	4	2	0	0	0	0	0	0	0	0	0
迷情之约	g2036_p_dod	8	3	0	0	0	0	0	0	0	0	0
迷情之约	g2036_s_dod	16	4	0	0	0	0	0	0	0	0	0
小胡子情侣	g2037_h_dod	2	1	0	0	0	0	0	0	0	0	0
小胡子情侣	g2037_jp_dod	12	9	0	0	0	0	0	0	0	0	0
小胡子情侣	g2037_s_dod	16	4	0	0	0	0	0	0	0	0	0
蜜醉恋人	g2038_h_dod	2	1	0	0	0	0	0	0	0	0	0
蜜醉恋人	g2038_jps_dod	28	9	0	0	0	0	0	0	0	0	0
童趣情侣	g2039_h_dod	2	1	0	0	0	0	0	0	0	0	0
童趣情侣	g2039_j_dod	4	2	0	0	0	0	0	0	0	0	0
童趣情侣	g2039_p_dod	8	3	0	0	0	0	0	0	0	0	0
童趣情侣	g2039_s_dod	16	4	0	0	0	0	0	0	0	0	0
浪漫夏威夷	g2040_h_dod	2	1	0	0	0	0	0	0	0	0	0
浪漫夏威夷	g2040_j_dod	4	2	0	0	0	0	0	0	0	0	0
浪漫夏威夷	g2040_p_dod	8	3	0	0	0	0	0	0	0	0	0
浪漫夏威夷	g2040_s_dod	16	4	0	0	0	0	0	0	0	0	0
浪漫水晶恋	g2041_h_dod	2	1	0	0	0	0	0	0	0	0	0
浪漫水晶恋	g2041_jp_dod	12	9	0	0	0	0	0	0	0	0	0
浪漫水晶恋	g2041_s_dod	16	4	0	0	0	0	0	0	0	0	0
纯爱天使	g2042_h_dod	2	1	0	0	0	0	0	0	0	0	0
纯爱天使	g2042_jp_dod	12	9	0	0	0	0	0	0	0	0	0
纯爱天使	g2042_s_dod	16	4	0	0	0	0	0	0	0	0	0
聆听你的心	g2043_h_dod	2	1	0	0	0	0	0	0	0	0	0
聆听你的心	g2043_j_dod	4	2	0	0	0	0	0	0	0	0	0
聆听你的心	g2043_p_dod	8	3	0	0	0	0	0	0	0	0	0
聆听你的心	g2043_s_dod	16	4	0	0	0	0	0	0	0	0	0
冰蓝情约	g2044_h_dod	2	1	0	0	0	0	0	0	0	0	0
冰蓝情约	g2044_j_dod	4	2	0	0	0	0	0	0	0	0	0
冰蓝情约	g2044_p_dod	8	3	0	0	0	0	0	0	0	0	0
冰蓝情约	g2044_s_dod	16	4	0	0	0	0	0	0	0	0	0
蓝梦心恋	g2045_h_dod	2	1	0	0	0	0	0	0	0	0	0
蓝梦心恋	g2045_jp_dod	12	9	0	0	0	0	0	0	0	0	0
蓝梦心恋	g2045_s_dod	16	4	0	0	0	0	0	0	0	0	0
朋克的爱	g2046_h_dod	2	1	0	0	0	0	0	0	0	0	0
朋克的爱	g2046_j_dod	4	2	0	0	0	0	0	0	0	0	0
朋克的爱	g2046_p_dod	8	3	0	0	0	0	0	0	0	0	0
朋克的爱	g2046_s_dod	16	4	0	0	0	0	0	0	0	0	0
萌龙情侣	g2049_h_dod	2	1	0	0	0	0	0	0	0	0	0
萌龙情侣	g2049_j_dod	4	2	0	0	0	0	0	0	0	0	0
萌龙情侣	g2049_p_dod	8	3	0	0	0	0	0	0	0	0	0
萌龙情侣	g2049_s_dod	16	4	0	0	0	0	0	0	0	0	0
清新牛仔	g2050_h_dod	2	1	0	0	0	0	0	0	0	0	0
清新牛仔	g2050_j_dod	4	2	0	0	0	0	0	0	0	0	0
清新牛仔	g2050_p_dod	8	3	0	0	0	0	0	0	0	0	0
清新牛仔	g2050_s_dod	16	4	0	0	0	0	0	0	0	0	0
爱情怪怪鱼	g2051_p_dod	8	3	0	0	0	0	0	0	0	0	0
爱情怪怪鱼	g2051_s_dod	16	4	0	0	0	0	0	0	0	0	0
清涩恋语	g2052_h_dod	2	1	0	0	0	0	0	0	0	0	0
清涩恋语	g2052_jp_dod	12	9	0	0	0	0	0	0	0	0	0
清涩恋语	g2052_s_dod	16	4	0	0	0	0	0	0	0	0	0
恋风恋歌	g2053_h_dod	2	1	0	0	0	0	0	0	0	0	0
恋风恋歌	g2053_j_dod	4	2	0	0	0	0	0	0	0	0	0
恋风恋歌	g2053_p_dod	8	3	0	0	0	0	0	0	0	0	0
恋风恋歌	g2053_s_dod	16	4	0	0	0	0	0	0	0	0	0
米鼠恋人	g2054_h_dod	2	1	0	0	0	0	0	0	0	0	0
米鼠恋人	g2054_j_dod	4	2	0	0	0	0	0	0	0	0	0
米鼠恋人	g2054_p_dod	8	3	0	0	0	0	0	0	0	0	0
米鼠恋人	g2054_s_dod	16	4	0	0	0	0	0	0	0	0	0
军旅红颜	g2055_h_dod	2	1	0	0	0	0	0	0	0	0	0
军旅红颜	g2055_j_dod	4	2	0	0	0	0	0	0	0	0	0
军旅红颜	g2055_p_dod	8	3	0	0	0	0	0	0	0	0	0
军旅红颜	g2055_s_dod	16	4	0	0	0	0	0	0	0	0	0
果味爱恋	g2056_h_dod	2	1	0	0	0	0	0	0	0	0	0
果味爱恋	g2056_j_dod	4	2	0	0	0	0	0	0	0	0	0
果味爱恋	g2056_p_dod	8	3	0	0	0	0	0	0	0	0	0
果味爱恋	g2056_s_dod	16	4	0	0	0	0	0	0	0	0	0
花阳恋人	g2057_h_dod	2	1	0	0	0	0	0	0	0	0	0
花阳恋人	g2057_jp_dod	12	9	0	0	0	0	0	0	0	0	0
花阳恋人	g2057_s_dod	16	4	0	0	0	0	0	0	0	0	0
月影精灵	g2064_h_dod	2	1	0	0	0	0	0	0	0	0	0
月影精灵	g2064_jp_dod	12	9	0	0	0	0	0	0	0	0	0
月影精灵	g2064_s_dod	16	4	0	0	0	0	0	0	0	0	0
甜蜜恋人	g2065_h_dod	2	1	0	0	0	0	0	0	0	0	0
甜蜜恋人	g2065_jp_dod	12	9	0	0	0	0	0	0	0	0	0
甜蜜恋人	g2065_s_dod	16	4	0	0	0	0	0	0	0	0	0
暖心奢华	g2066_h_dod	2	1	0	0	0	0	0	0	0	0	0
暖心奢华	g2066_jp_dod	12	9	0	0	0	0	0	0	0	0	0
暖心奢华	g2066_s_dod	16	4	0	0	0	0	0	0	0	0	0
暖心糖果	g2067_h_dod	2	1	0	0	0	0	0	0	0	0	0
暖心糖果	g2067_jp_dod	12	9	0	0	0	0	0	0	0	0	0
暖心糖果	g2067_s_dod	16	4	0	0	0	0	0	0	0	0	0
魅惑制服	g2068_h_dod	2	1	0	0	0	0	0	0	0	0	0
魅惑制服	g2068_j_dod	4	2	0	0	0	0	0	0	0	0	0
奇幻恋语	g2073_h_dod	2	1	0	0	0	0	0	0	0	0	0
奇幻恋语	g2073_jp_dod	12	9	0	0	0	0	0	0	0	0	0
奇幻恋语	g2073_s_dod	16	4	0	0	0	0	0	0	0	0	0
熊猫精灵	g2074_h_dod	2	1	0	0	0	0	0	0	0	0	0
熊猫精灵	g2074_j_dod	4	2	0	0	0	0	0	0	0	0	0
熊猫精灵	g2074_p_dod	8	3	0	0	0	0	0	0	0	0	0
熊猫精灵	g2074_s_dod	16	4	0	0	0	0	0	0	0	0	0
凤舞中秋	g2075_h_dod	2	1	0	0	0	0	0	0	0	0	0
凤舞中秋	g2075_jps_dod	28	9	0	0	0	0	0	0	0	0	0
魔幻天使	g2076_h_dod	2	1	0	0	0	0	0	0	0	0	0
魔幻天使	g2076_j_dod	4	2	0	0	0	0	0	0	0	0	0
魔幻天使	g2076_p_dod	8	3	0	0	0	0	0	0	0	0	0
魔幻天使	g2076_s_dod	16	4	0	0	0	0	0	0	0	0	0
典雅情谊	g2077_h_dod	2	1	0	0	0	0	0	0	0	0	0
典雅情谊	g2077_jp_dod	12	9	0	0	0	0	0	0	0	0	0
典雅情谊	g2077_s_dod	16	4	0	0	0	0	0	0	0	0	0
浪漫心韵	g2078_h_dod	2	1	0	0	0	0	0	0	0	0	0
浪漫心韵	g2078_jp_dod	12	9	0	0	0	0	0	0	0	0	0
浪漫心韵	g2078_s_dod	16	4	0	0	0	0	0	0	0	0	0
梦幻嫁纱	g2079_h_dod	2	1	0	0	0	0	0	0	0	0	0
梦幻嫁纱	g2079_jp_dod	12	9	0	0	0	0	0	0	0	0	0
梦幻嫁纱	g2079_s_dod	16	4	0	0	0	0	0	0	0	0	0
情侣去死团	g2081_j_dod	4	2	0	0	0	0	0	0	0	0	0
湛蓝盟约	g2082_h_dod	2	1	0	0	0	0	0	0	0	0	0
湛蓝盟约	g2082_jp_dod	12	9	0	0	0	0	0	0	0	0	0
湛蓝盟约	g2082_s_dod	16	4	0	0	0	0	0	0	0	0	0
同桌的她	g2094_h_dod	2	1	0	0	0	0	0	0	0	0	0
同桌的她	g2094_j_dod	4	2	0	0	0	0	0	0	0	0	0
同桌的她	g2094_p_dod	8	3	0	0	0	0	0	0	0	0	0
同桌的她	g2094_s_dod	16	4	0	0	0	0	0	0	0	0	0
园丁之歌	g2095_h_dod	2	1	0	0	0	0	0	0	0	0	0
园丁之歌	g2095_jp_dod	12	9	0	0	0	0	0	0	0	0	0
园丁之歌	g2095_s_dod	16	4	0	0	0	0	0	0	0	0	0
魔幻盛典	g2100_h_dod	2	1	0	0	0	0	0	0	0	0	0
魔幻盛典	g2100_j_dod	4	2	0	0	0	0	0	0	0	0	0
魔幻盛典	g2100_p_dod	8	3	0	0	0	0	0	0	0	0	0
魔幻盛典	g2100_s_dod	16	4	0	0	0	0	0	0	0	0	0
魔力宝贝	g2101_h_dod	2	1	0	0	0	0	0	0	0	0	0
魔力宝贝	g2101_jp_dod	12	9	0	0	0	0	0	0	0	0	0
魔力宝贝	g2101_s_dod	16	4	0	0	0	0	0	0	0	0	0
乖乖虎	g2102_h_dod	2	1	0	0	0	0	0	0	0	0	0
乖乖虎	g2102_jp_dod	12	9	0	0	0	0	0	0	0	0	0
乖乖虎	g2102_s_dod	16	4	0	0	0	0	0	0	0	0	0
圣夜精灵	g2103_h_dod	2	1	0	0	0	0	0	0	0	0	0
圣夜精灵	g2103_jp_dod	12	9	0	0	0	0	0	0	0	0	0
圣夜精灵	g2103_s_dod	16	4	0	0	0	0	0	0	0	0	0
倾城舞王	g2104_h_dod	2	1	0	0	0	0	0	0	0	0	0
倾城舞王	g2104_jp_dod	12	9	0	0	0	0	0	0	0	0	0
倾城舞王	g2104_s_dod	16	4	0	0	0	0	0	0	0	0	0
粉甜密语	g2107_jp_dod	12	9	0	0	0	0	0	0	0	0	0
kitty love	g2110_h_dod	2	1	0	0	0	0	0	0	0	0	0
kitty love	g2110_jp_dod	12	9	0	0	0	0	0	0	0	0	0
kitty love	g2110_s_dod	16	4	0	0	0	0	0	0	0	0	0
欢喜雪狐	g2112_h_dod	2	1	0	0	0	0	0	0	0	0	0
欢喜雪狐	g2112_jp_dod	12	9	0	0	0	0	0	0	0	0	0
欢喜雪狐	g2112_s_dod	16	4	0	0	0	0	0	0	0	0	0
新春祈福	g2113_h_dod	2	1	0	0	0	0	0	0	0	0	0
新春祈福	g2113_jp_dod	12	9	0	0	0	0	0	0	0	0	0
新春祈福	g2113_s_dod	16	4	0	0	0	0	0	0	0	0	0
天空之星	g2114_h_dod	2	1	0	0	0	0	0	0	0	0	0
天空之星	g2114_jp_dod	12	9	0	0	0	0	0	0	0	0	0
天空之星	g2114_s_dod	16	4	0	0	0	0	0	0	0	0	0
萃白恋人	g2115_h_dod	2	1	0	0	0	0	0	0	0	0	0
萃白恋人	g2115_jp_dod	12	9	0	0	0	0	0	0	0	0	0
萃白恋人	g2115_s_dod	16	4	0	0	0	0	0	0	0	0	0
甜美圣诞风	g2116_h_dod	2	1	0	0	0	0	0	0	0	0	0
甜美圣诞风	g2116_jp_dod	12	9	0	0	0	0	0	0	0	0	0
甜美圣诞风	g2116_s_dod	16	4	0	0	0	0	0	0	0	0	0
星星爱恋	g5000_h_dod	2	1	0	0	0	0	0	0	0	0	0
星星爱恋	g5000_j_dod	4	2	0	0	0	0	0	0	0	0	0
星星爱恋	g5000_p_dod	8	3	0	0	0	0	0	0	0	0	0
星星爱恋	g5000_s_dod	16	4	0	0	0	0	0	0	0	0	0
娱你相伴	g5001_h_dod	2	1	0	0	0	0	0	0	0	0	0
娱你相伴	g5001_j_dod	4	2	0	0	0	0	0	0	0	0	0
娱你相伴	g5001_p_dod	8	3	0	0	0	0	0	0	0	0	0
娱你相伴	g5001_s_dod	16	4	0	0	0	0	0	0	0	0	0
彩虹恋人	g5002_h_dod	2	1	0	0	0	0	0	0	0	0	0
彩虹恋人	g5002_j_dod	4	2	0	0	0	0	0	0	0	0	0
彩虹恋人	g5002_p_dod	8	3	0	0	0	0	0	0	0	0	0
彩虹恋人	g5002_s_dod	16	4	0	0	0	0	0	0	0	0	0
猪猪情侣	g5003_h_dod	2	1	0	0	0	0	0	0	0	0	0
猪猪情侣	g5003_jp_dod	12	9	0	0	0	0	0	0	0	0	0
猪猪情侣	g5003_s_dod	16	4	0	0	0	0	0	0	0	0	0
蓝海多多	g5004_h_dod	2	1	0	0	0	0	0	0	0	0	0
蓝海多多	g5004_j_dod	4	2	0	0	0	0	0	0	0	0	0
蓝海多多	g5004_p_dod	8	3	0	0	0	0	0	0	0	0	0
蓝海多多	g5004_s_dod	16	4	0	0	0	0	0	0	0	0	0
梨花雪影	g5005_h_dod	2	1	0	0	0	0	0	0	0	0	0
梨花雪影	g5005_jp_dod	12	9	0	0	0	0	0	0	0	0	0
梨花雪影	g5005_s_dod	16	4	0	0	0	0	0	0	0	0	0
绿色悠然	g5006_h_dod	2	1	0	0	0	0	0	0	0	0	0
绿色悠然	g5006_j_dod	4	2	0	0	0	0	0	0	0	0	0
绿色悠然	g5006_p_dod	8	3	0	0	0	0	0	0	0	0	0
绿色悠然	g5006_s_dod	16	4	0	0	0	0	0	0	0	0	0
可爱妞妞	g5007_h_dod	2	1	0	0	0	0	0	0	0	0	0
可爱妞妞	g5007_j_dod	4	2	0	0	0	0	0	0	0	0	0
可爱妞妞	g5007_p_dod	8	3	0	0	0	0	0	0	0	0	0
可爱妞妞	g5007_s_dod	16	4	0	0	0	0	0	0	0	0	0
典雅海岸	g5008_h_dod	2	1	0	0	0	0	0	0	0	0	0
典雅海岸	g5008_jp_dod	12	9	0	0	0	0	0	0	0	0	0
典雅海岸	g5008_s_dod	16	4	0	0	0	0	0	0	0	0	0
蓝蓝天空	g5009_h_dod	2	1	0	0	0	0	0	0	0	0	0
蓝蓝天空	g5009_j_dod	4	2	0	0	0	0	0	0	0	0	0
蓝蓝天空	g5009_p_dod	8	3	0	0	0	0	0	0	0	0	0
蓝蓝天空	g5009_s_dod	16	4	0	0	0	0	0	0	0	0	0
素雅点点	g5010_h_dod	2	1	0	0	0	0	0	0	0	0	0
素雅点点	g5010_j_dod	4	2	0	0	0	0	0	0	0	0	0
素雅点点	g5010_p_dod	8	3	0	0	0	0	0	0	0	0	0
素雅点点	g5010_s_dod	16	4	0	0	0	0	0	0	0	0	0
魔力魅惑	g5011_h_dod	2	1	0	0	0	0	0	0	0	0	0
魔力魅惑	g5011_j_dod	4	2	0	0	0	0	0	0	0	0	0
魔力魅惑	g5011_p_dod	8	3	0	0	0	0	0	0	0	0	0
魔力魅惑	g5011_s_dod	16	4	0	0	0	0	0	0	0	0	0
白丽清梦	g5012_h_dod	2	1	0	0	0	0	0	0	0	0	0
白丽清梦	g5012_j_dod	4	2	0	0	0	0	0	0	0	0	0
白丽清梦	g5012_p_dod	8	3	0	0	0	0	0	0	0	0	0
白领风范	g5012_s_dod	16	4	0	0	0	0	0	0	0	0	0
清清色彩	g5013_h_dod	2	1	0	0	0	0	0	0	0	0	0
清清色彩	g5013_j_dod	4	2	0	0	0	0	0	0	0	0	0
清清色彩	g5013_p_dod	8	3	0	0	0	0	0	0	0	0	0
清清色彩	g5013_s_dod	16	4	0	0	0	0	0	0	0	0	0
魅力相间	g5014_h_dod	2	1	0	0	0	0	0	0	0	0	0
魅力相间	g5014_j_dod	4	2	0	0	0	0	0	0	0	0	0
魅力相间	g5014_p_dod	8	3	0	0	0	0	0	0	0	0	0
魅力相间	g5014_s_dod	16	4	0	0	0	0	0	0	0	0	0
海滩之恋	g5015_h_dod	2	1	0	0	0	0	0	0	0	0	0
海滩之恋	g5015_j_dod	4	2	0	0	0	0	0	0	0	0	0
海滩之恋	g5015_p_dod	8	3	0	0	0	0	0	0	0	0	0
海滩之恋	g5015_s_dod	16	4	0	0	0	0	0	0	0	0	0
炫蓝多丽	g5016_h_dod	2	1	0	0	0	0	0	0	0	0	0
炫蓝多丽	g5016_jp_dod	12	9	0	0	0	0	0	0	0	0	0
炫蓝多丽	g5016_s_dod	16	4	0	0	0	0	0	0	0	0	0
多姿多彩	g5017_h_dod	2	1	0	0	0	0	0	0	0	0	0
多姿多彩	g5017_j_dod	4	2	0	0	0	0	0	0	0	0	0
多姿多彩	g5017_p_dod	8	3	0	0	0	0	0	0	0	0	0
多姿多彩	g5017_s_dod	16	4	0	0	0	0	0	0	0	0	0
梦幻紫韵	g5018_h_dod	2	1	0	0	0	0	0	0	0	0	0
梦幻紫韵	g5018_jp_dod	12	9	0	0	0	0	0	0	0	0	0
梦幻紫韵	g5018_s_dod	16	4	0	0	0	0	0	0	0	0	0
蓝调爱恋	g5019_h_dod	2	1	0	0	0	0	0	0	0	0	0
蓝调爱恋	g5019_jp_dod	12	9	0	0	0	0	0	0	0	0	0
蓝调爱恋	g5019_s_dod	16	4	0	0	0	0	0	0	0	0	0
夏日阳光	g5020_h_dod	2	1	0	0	0	0	0	0	0	0	0
夏日阳光	g5020_j_dod	4	2	0	0	0	0	0	0	0	0	0
夏日阳光	g5020_p_dod	8	3	0	0	0	0	0	0	0	0	0
夏日阳光	g5020_s_dod	16	4	0	0	0	0	0	0	0	0	0
纯洁天使	g5021_h_dod	2	1	0	0	0	0	0	0	0	0	0
纯洁天使	g5021_jp_dod	12	9	0	0	0	0	0	0	0	0	0
纯洁天使	g5021_s_dod	16	4	0	0	0	0	0	0	0	0	0
街舞少女	g5022_h_dod	2	1	0	0	0	0	0	0	0	0	0
街舞少女	g5022_j_dod	4	2	0	0	0	0	0	0	0	0	0
街舞少女	g5022_p_dod	8	3	0	0	0	0	0	0	0	0	0
街舞少女	g5022_s_dod	16	4	0	0	0	0	0	0	0	0	0
香柠糖果	g5023_h_dod	2	1	0	0	0	0	0	0	0	0	0
香柠糖果	g5023_jp_dod	12	9	0	0	0	0	0	0	0	0	0
香柠糖果	g5023_s_dod	16	4	0	0	0	0	0	0	0	0	0
黑衣萝莉	g5024_h_dod	2	1	0	0	0	0	0	0	0	0	0
黑衣萝莉	g5024_j_dod	4	2	0	0	0	0	0	0	0	0	0
波波达人	g5025_h_dod	2	1	0	0	0	0	0	0	0	0	0
波波达人	g5025_j_dod	4	2	0	0	0	0	0	0	0	0	0
波波达人	g5025_p_dod	8	3	0	0	0	0	0	0	0	0	0
波波达人	g5025_s_dod	16	4	0	0	0	0	0	0	0	0	0
清音雪影	g5026_h_dod	2	1	0	0	0	0	0	0	0	0	0
清音雪影	g5026_jp_dod	12	9	0	0	0	0	0	0	0	0	0
清音雪影	g5026_s_dod	16	4	0	0	0	0	0	0	0	0	0
紫色轻歌	g5027_h_dod	2	1	0	0	0	0	0	0	0	0	0
紫色轻歌	g5027_jp_dod	12	9	0	0	0	0	0	0	0	0	0
紫色轻歌	g5027_s_dod	16	4	0	0	0	0	0	0	0	0	0
粉甜爱恋	g5028_h_dod	2	1	0	0	0	0	0	0	0	0	0
粉甜爱恋	g5028_jp_dod	12	9	0	0	0	0	0	0	0	0	0
粉甜爱恋	g5028_s_dod	16	4	0	0	0	0	0	0	0	0	0
暖冬情谊	g5029_h_dod	2	1	0	0	0	0	0	0	0	0	0
暖冬情谊	g5029_jp_dod	12	9	0	0	0	0	0	0	0	0	0
暖冬情谊	g5029_s_dod	16	4	0	0	0	0	0	0	0	0	0
冬季恋歌	g5030_h_dod	2	1	0	0	0	0	0	0	0	0	0
冬季恋歌	g5030_j_dod	4	2	0	0	0	0	0	0	0	0	0
冬季恋歌	g5030_p_dod	8	3	0	0	0	0	0	0	0	0	0
冬季恋歌	g5030_s_dod	16	4	0	0	0	0	0	0	0	0	0
豹耳之吻	g5031_s_dod	16	4	0	0	0	0	0	0	0	0	0
浪漫爱琴海	g5032_h_dod	2	1	0	0	0	0	0	0	0	0	0
浪漫爱琴海	g5032_jp_dod	12	9	0	0	0	0	0	0	0	0	0
浪漫爱琴海	g5032_s_dod	16	4	0	0	0	0	0	0	0	0	0
精灵爱恋	g5033_h_dod	2	1	0	0	0	0	0	0	0	0	0
精灵爱恋	g5033_j_dod	4	2	0	0	0	0	0	0	0	0	0
精灵爱恋	g5033_p_dod	8	3	0	0	0	0	0	0	0	0	0
精灵爱恋	g5033_s_dod	16	4	0	0	0	0	0	0	0	0	0
花蜜茶	g5034_h_dod	2	1	0	0	0	0	0	0	0	0	0
花蜜茶	g5034_jp_dod	12	9	0	0	0	0	0	0	0	0	0
花蜜茶	g5034_s_dod	16	4	0	0	0	0	0	0	0	0	0
百花公主	g5035_h_dod	2	1	0	0	0	0	0	0	0	0	0
百花公主	g5035_j_dod	4	2	0	0	0	0	0	0	0	0	0
典雅倩影	g5036_h_dod	2	1	0	0	0	0	0	0	0	0	0
典雅倩影	g5036_jp_dod	12	9	0	0	0	0	0	0	0	0	0
典雅倩影	g5036_s_dod	16	4	0	0	0	0	0	0	0	0	0
花心雨	g5037_h_dod	2	1	0	0	0	0	0	0	0	0	0
花心雨	g5037_jp_dod	12	9	0	0	0	0	0	0	0	0	0
花心雨	g5037_s_dod	16	4	0	0	0	0	0	0	0	0	0
时尚芭莎	g5038_h_dod	2	1	0	0	0	0	0	0	0	0	0
时尚芭莎	g5038_jp_dod	12	9	0	0	0	0	0	0	0	0	0
时尚芭莎	g5038_s_dod	16	4	0	0	0	0	0	0	0	0	0
灿如夏花	g5039_h_dod	2	1	0	0	0	0	0	0	0	0	0
灿如夏花	g5039_jp_dod	12	9	0	0	0	0	0	0	0	0	0
灿如夏花	g5039_s_dod	16	4	0	0	0	0	0	0	0	0	0
丘比特之恋	g5040_h_dod	2	1	0	0	0	0	0	0	0	0	0
丘比特之恋	g5040_j_dod	4	2	0	0	0	0	0	0	0	0	0
星梦奇缘	g5041_h_dod	2	1	0	0	0	0	0	0	0	0	0
星梦奇缘	g5041_jp_dod	12	9	0	0	0	0	0	0	0	0	0
星梦奇缘	g5041_s_dod	16	4	0	0	0	0	0	0	0	0	0
踏莎美人	g5042_h_dod	2	1	0	0	0	0	0	0	0	0	0
踏莎美人	g5042_jp_dod	12	9	0	0	0	0	0	0	0	0	0
踏莎美人	g5042_s_dod	16	4	0	0	0	0	0	0	0	0	0
蓝色梦璃	g5043_h_dod	2	1	0	0	0	0	0	0	0	0	0
蓝色梦璃	g5043_jp_dod	12	9	0	0	0	0	0	0	0	0	0
蓝色梦璃	g5043_s_dod	16	4	0	0	0	0	0	0	0	0	0
粉色情谊	g5044_h_dod	2	1	0	0	0	0	0	0	0	0	0
粉色情谊	g5044_jp_dod	12	9	0	0	0	0	0	0	0	0	0
粉色情谊	g5044_s_dod	16	4	0	0	0	0	0	0	0	0	0
爱的赞礼	g5045_h_dod	2	1	0	0	0	0	0	0	0	0	0
爱的赞礼	g5045_jp_dod	12	9	0	0	0	0	0	0	0	0	0
爱的赞礼	g5045_s_dod	16	4	0	0	0	0	0	0	0	0	0
锦绣芳华	g5046_h_dod	2	1	0	0	0	0	0	0	0	0	0
锦绣芳华	g5046_jp_dod	12	9	0	0	0	0	0	0	0	0	0
锦绣芳华	g5046_s_dod	16	4	0	0	0	0	0	0	0	0	0
彩梦心韵	g5047_h_dod	2	1	0	0	0	0	0	0	0	0	0
彩梦心韵	g5047_jp_dod	12	9	0	0	0	0	0	0	0	0	0
彩梦心韵	g5047_s_dod	16	4	0	0	0	0	0	0	0	0	0
嫣然媚情	g5048_h_dod	2	1	0	0	0	0	0	0	0	0	0
嫣然媚情	g5048_jp_dod	12	9	0	0	0	0	0	0	0	0	0
嫣然媚情	g5048_s_dod	16	4	0	0	0	0	0	0	0	0	0
摇梦幽兰	g5049_h_dod	2	1	0	0	0	0	0	0	0	0	0
摇梦幽兰	g5049_jp_dod	12	9	0	0	0	0	0	0	0	0	0
摇梦幽兰	g5049_s_dod	16	4	0	0	0	0	0	0	0	0	0
小丑宝贝	g5050_h_dod	2	1	0	0	0	0	0	0	0	0	0
小丑宝贝	g5050_jp_dod	12	9	0	0	0	0	0	0	0	0	0
小丑宝贝	g5050_s_dod	16	4	0	0	0	0	0	0	0	0	0
魔术少女	g5051_h_dod	2	1	0	0	0	0	0	0	0	0	0
魔术少女	g5051_jp_dod	12	9	0	0	0	0	0	0	0	0	0
魔术少女	g5051_s_dod	16	4	0	0	0	0	0	0	0	0	0
粉兔女郎	g5052_s_dod	16	4	0	0	0	0	0	0	0	0	0
清爽伊人	g5053_h_dod	2	1	0	0	0	0	0	0	0	0	0
清爽伊人	g5053_j_dod	4	2	0	0	0	0	0	0	0	0	0
清爽伊人	g5053_p_dod	8	3	0	0	0	0	0	0	0	0	0
清爽伊人	g5053_s_dod	16	4	0	0	0	0	0	0	0	0	0
箱子宝贝	g5054_h_dod	2	1	0	0	0	0	0	0	0	0	0
箱子宝贝	g5054_jp_dod	12	9	0	0	0	0	0	0	0	0	0
箱子宝贝	g5054_s_dod	16	4	0	0	0	0	0	0	0	0	0
壁花少女	g5055_h_dod	2	1	0	0	0	0	0	0	0	0	0
壁花少女	g5055_jp_dod	12	9	0	0	0	0	0	0	0	0	0
壁花少女	g5055_s_dod	16	4	0	0	0	0	0	0	0	0	0
玲珑少女	g5056_h_dod	2	1	0	0	0	0	0	0	0	0	0
玲珑少女	g5056_jp_dod	12	9	0	0	0	0	0	0	0	0	0
玲珑少女	g5056_s_dod	16	4	0	0	0	0	0	0	0	0	0
时尚魔女	g5057_h_dod	2	1	0	0	0	0	0	0	0	0	0
时尚魔女	g5057_jp_dod	12	9	0	0	0	0	0	0	0	0	0
时尚魔女	g5057_s_dod	16	4	0	0	0	0	0	0	0	0	0
繁花清梦	g5058_h_dod	2	1	0	0	0	0	0	0	0	0	0
繁花清梦	g5058_jp_dod	12	9	0	0	0	0	0	0	0	0	0
繁花清梦	g5058_s_dod	16	4	0	0	0	0	0	0	0	0	0
蔷薇之恋	g5059_h_dod	2	1	0	0	0	0	0	0	0	0	0
蔷薇之恋	g5059_jp_dod	12	9	0	0	0	0	0	0	0	0	0
蔷薇之恋	g5059_s_dod	16	4	0	0	0	0	0	0	0	0	0
甜蜜之旅	g5060_h_dod	2	1	0	0	0	0	0	0	0	0	0
甜蜜之旅	g5060_jp_dod	12	9	0	0	0	0	0	0	0	0	0
甜蜜之旅	g5060_s_dod	16	4	0	0	0	0	0	0	0	0	0
雪饰柔情	g5061_h_dod	2	1	0	0	0	0	0	0	0	0	0
雪饰柔情	g5061_jp_dod	12	9	0	0	0	0	0	0	0	0	0
雪饰柔情	g5061_s_dod	16	4	0	0	0	0	0	0	0	0	0
晚装柔情	g5062_h_dod	2	1	0	0	0	0	0	0	0	0	0
晚装柔情	g5062_jp_dod	12	9	0	0	0	0	0	0	0	0	0
晚装柔情	g5062_s_dod	16	4	0	0	0	0	0	0	0	0	0
京都爱情	g5063_h_dod	2	1	0	0	0	0	0	0	0	0	0
京都爱情	g5063_jps_dod	28	9	0	0	0	0	0	0	0	0	0
宫廷爱恋	g5064_h_dod	2	1	0	0	0	0	0	0	0	0	0
宫廷爱恋	g5064_jp_dod	12	9	0	0	0	0	0	0	0	0	0
宫廷爱恋	g5064_s_dod	16	4	0	0	0	0	0	0	0	0	0
夜之礼服	g5065_h_dod	2	1	0	0	0	0	0	0	0	0	0
夜之礼服	g5065_j_dod	4	2	0	0	0	0	0	0	0	0	0
夜之礼服	g5065_p_dod	8	3	0	0	0	0	0	0	0	0	0
夜之礼服	g5065_s_dod	16	4	0	0	0	0	0	0	0	0	0
童梦佳人	g5066_h_dod	2	1	0	0	0	0	0	0	0	0	0
童梦佳人	g5066_jp_dod	12	9	0	0	0	0	0	0	0	0	0
童梦佳人	g5066_s_dod	16	4	0	0	0	0	0	0	0	0	0
黑色芭莎	g5067_h_dod	2	1	0	0	0	0	0	0	0	0	0
黑色芭莎	g5067_jp_dod	12	9	0	0	0	0	0	0	0	0	0
黑色芭莎	g5067_s_dod	16	4	0	0	0	0	0	0	0	0	0
情谊学院	g5068_h_dod	2	1	0	0	0	0	0	0	0	0	0
情谊学院	g5068_j_dod	4	2	0	0	0	0	0	0	0	0	0
情谊学院	g5068_p_dod	8	3	0	0	0	0	0	0	0	0	0
情谊学院	g5068_s_dod	16	4	0	0	0	0	0	0	0	0	0
淡月伊人	g5069_h_dod	2	1	0	0	0	0	0	0	0	0	0
淡月伊人	g5069_jp_dod	12	9	0	0	0	0	0	0	0	0	0
淡月伊人	g5069_s_dod	16	4	0	0	0	0	0	0	0	0	0
乐活少女	g5070_h_dod	2	1	0	0	0	0	0	0	0	0	0
乐活少女	g5070_j_dod	4	2	0	0	0	0	0	0	0	0	0
乐活少女	g5070_p_dod	8	3	0	0	0	0	0	0	0	0	0
乐活少女	g5070_s_dod	16	4	0	0	0	0	0	0	0	0	0
平凡经典	g5071_h_dod	2	1	0	0	0	0	0	0	0	0	0
平凡经典	g5071_jp_dod	12	9	0	0	0	0	0	0	0	0	0
平凡经典	g5071_s_dod	16	4	0	0	0	0	0	0	0	0	0
恬美嫁衣	g5072_h_dod	2	1	0	0	0	0	0	0	0	0	0
恬美嫁衣	g5072_jp_dod	12	9	0	0	0	0	0	0	0	0	0
恬美嫁衣	g5072_s_dod	16	4	0	0	0	0	0	0	0	0	0
玫瑰爱恋	g5073_h_dod	2	1	0	0	0	0	0	0	0	0	0
玫瑰爱恋	g5073_jp_dod	12	9	0	0	0	0	0	0	0	0	0
玫瑰爱恋	g5073_s_dod	16	4	0	0	0	0	0	0	0	0	0
粉色梦纱	g5074_h_dod	2	1	0	0	0	0	0	0	0	0	0
粉色梦纱	g5074_jp_dod	12	9	0	0	0	0	0	0	0	0	0
粉色梦纱	g5074_s_dod	16	4	0	0	0	0	0	0	0	0	0
紫色梦纱	g5075_h_dod	2	1	0	0	0	0	0	0	0	0	0
紫色梦纱	g5075_jp_dod	12	9	0	0	0	0	0	0	0	0	0
紫色梦纱	g5075_s_dod	16	4	0	0	0	0	0	0	0	0	0
华服蜜意	g5076_h_dod	2	1	0	0	0	0	0	0	0	0	0
华服蜜意	g5076_jp_dod	12	9	0	0	0	0	0	0	0	0	0
华服蜜意	g5076_s_dod	16	4	0	0	0	0	0	0	0	0	0
星月恋曲	g5077_h_dod	2	1	0	0	0	0	0	0	0	0	0
星月恋曲	g5077_jp_dod	12	9	0	0	0	0	0	0	0	0	0
星月恋曲	g5077_s_dod	16	4	0	0	0	0	0	0	0	0	0
初雪之恋	g5078_h_dod	2	1	0	0	0	0	0	0	0	0	0
初雪之恋	g5078_jp_dod	12	9	0	0	0	0	0	0	0	0	0
初雪之恋	g5078_s_dod	16	4	0	0	0	0	0	0	0	0	0
香氛蜜恋	g5079_h_dod	2	1	0	0	0	0	0	0	0	0	0
香氛蜜恋	g5079_jp_dod	12	9	0	0	0	0	0	0	0	0	0
香氛蜜恋	g5079_s_dod	16	4	0	0	0	0	0	0	0	0	0
紫花夏梦	g5080_h_dod	2	1	0	0	0	0	0	0	0	0	0
紫花夏梦	g5080_jp_dod	12	9	0	0	0	0	0	0	0	0	0
紫花夏梦	g5080_s_dod	16	4	0	0	0	0	0	0	0	0	0
束缚的爱	g5081_h_dod	2	1	0	0	0	0	0	0	0	0	0
束缚的爱	g5081_jp_dod	12	9	0	0	0	0	0	0	0	0	0
束缚的爱	g5081_s_dod	16	4	0	0	0	0	0	0	0	0	0
素雅伊人	g5082_h_dod	2	1	0	0	0	0	0	0	0	0	0
素雅伊人	g5082_jp_dod	12	9	0	0	0	0	0	0	0	0	0
素雅伊人	g5082_s_dod	16	4	0	0	0	0	0	0	0	0	0
绯色妖娆	g5083_h_dod	2	1	0	0	0	0	0	0	0	0	0
绯色妖娆	g5083_jp_dod	12	9	0	0	0	0	0	0	0	0	0
绯色妖娆	g5083_s_dod	16	4	0	0	0	0	0	0	0	0	0
花海伊人	g5084_h_dod	2	1	0	0	0	0	0	0	0	0	0
花海伊人	g5084_jp_dod	12	9	0	0	0	0	0	0	0	0	0
花海伊人	g5084_s_dod	16	4	0	0	0	0	0	0	0	0	0
时尚牛仔	g5085_h_dod	2	1	0	0	0	0	0	0	0	0	0
时尚牛仔	g5085_jp_dod	12	9	0	0	0	0	0	0	0	0	0
时尚牛仔	g5085_s_dod	16	4	0	0	0	0	0	0	0	0	0
梦幻小祈	g5086_h_dod	2	1	0	0	0	0	0	0	0	0	0
梦幻小祈	g5086_jp_dod	12	9	0	0	0	0	0	0	0	0	0
梦幻小祈	g5086_s_dod	16	4	0	0	0	0	0	0	0	0	0
蓝海宝贝	g5087_h_dod	2	1	0	0	0	0	0	0	0	0	0
蓝海宝贝	g5087_jp_dod	12	9	0	0	0	0	0	0	0	0	0
蓝海宝贝	g5087_s_dod	16	4	0	0	0	0	0	0	0	0	0
怡心花雪	g5088_h_dod	2	1	0	0	0	0	0	0	0	0	0
怡心花雪	g5088_jp_dod	12	9	0	0	0	0	0	0	0	0	0
怡心花雪	g5088_s_dod	16	4	0	0	0	0	0	0	0	0	0
雪露	g5089_h_dod	2	1	0	0	0	0	0	0	0	0	0
雪露	g5089_jp_dod	12	9	0	0	0	0	0	0	0	0	0
雪露	g5089_s_dod	16	4	0	0	0	0	0	0	0	0	0
兰卡	g5090_h_dod	2	1	0	0	0	0	0	0	0	0	0
兰卡	g5090_jp_dod	12	9	0	0	0	0	0	0	0	0	0
兰卡	g5090_s_dod	16	4	0	0	0	0	0	0	0	0	0
幻城少女	g5091_h_dod	2	1	0	0	0	0	0	0	0	0	0
幻城少女	g5091_jp_dod	12	9	0	0	0	0	0	0	0	0	0
幻城少女	g5091_s_dod	16	4	0	0	0	0	0	0	0	0	0
淡月花影	g5092_h_dod	2	1	0	0	0	0	0	0	0	0	0
淡月花影	g5092_jp_dod	12	9	0	0	0	0	0	0	0	0	0
淡月花影	g5092_s_dod	16	4	0	0	0	0	0	0	0	0	0
御姐倾心	g5093_h_dod	2	1	0	0	0	0	0	0	0	0	0
御姐倾心	g5093_jp_dod	12	9	0	0	0	0	0	0	0	0	0
御姐倾心	g5093_s_dod	16	4	0	0	0	0	0	0	0	0	0
希望学院	g5094_h_dod	2	1	0	0	0	0	0	0	0	0	0
希望学院	g5094_jp_dod	12	9	0	0	0	0	0	0	0	0	0
希望学院	g5094_s_dod	16	4	0	0	0	0	0	0	0	0	0
部落风情	g5100_hjps_dod	30	9	0	0	0	0	0	0	0	0	0
花彩少女	g5109_h_dod	2	1	0	0	0	0	0	0	0	0	0
花彩少女	g5109_j_dod	4	2	0	0	0	0	0	0	0	0	0
花彩少女	g5109_p_dod	8	3	0	0	0	0	0	0	0	0	0
花彩少女	g5109_s_dod	16	4	0	0	0	0	0	0	0	0	0
空音少女	g5110_h_dod	2	1	0	0	0	0	0	0	0	0	0
空音少女	g5110_jp_dod	12	9	0	0	0	0	0	0	0	0	0
空音少女	g5110_s_dod	16	4	0	0	0	0	0	0	0	0	0
空音少女（黑）	g5111_h_dod	2	1	0	0	0	0	0	0	0	0	0
空音少女（黑）	g5111_jp_dod	12	9	0	0	0	0	0	0	0	0	0
空音少女（黑）	g5111_s_dod	16	4	0	0	0	0	0	0	0	0	0
优雅韵味	g5112_h_dod	2	1	0	0	0	0	0	0	0	0	0
优雅韵味	g5112_jp_dod	12	9	0	0	0	0	0	0	0	0	0
优雅韵味	g5112_s_dod	16	4	0	0	0	0	0	0	0	0	0
DJ女生	g5113_h_dod	2	1	0	0	0	0	0	0	0	0	0
DJ女生	g5113_j_dod	4	2	0	0	0	0	0	0	0	0	0
DJ女生	g5113_p_dod	8	3	0	0	0	0	0	0	0	0	0
DJ女生	g5113_s_dod	16	4	0	0	0	0	0	0	0	0	0
英伦学院	g5114_h_dod	2	1	0	0	0	0	0	0	0	0	0
英伦学院	g5114_j_dod	4	2	0	0	0	0	0	0	0	0	0
英伦学院	g5114_p_dod	8	3	0	0	0	0	0	0	0	0	0
英伦学院	g5114_s_dod	16	4	0	0	0	0	0	0	0	0	0
幽兰佳人	g5115_h_dod	2	1	0	0	0	0	0	0	0	0	0
幽兰佳人	g5115_jp_dod	12	9	0	0	0	0	0	0	0	0	0
幽兰佳人	g5115_s_dod	16	4	0	0	0	0	0	0	0	0	0
恋爱季节	g5116_h_dod	2	1	0	0	0	0	0	0	0	0	0
恋爱季节	g5116_j_dod	4	2	0	0	0	0	0	0	0	0	0
恋爱季节	g5116_p_dod	8	3	0	0	0	0	0	0	0	0	0
恋爱季节	g5116_s_dod	16	4	0	0	0	0	0	0	0	0	0
粉色梦璃	g5117_h_dod	2	1	0	0	0	0	0	0	0	0	0
粉色梦璃	g5117_jp_dod	12	9	0	0	0	0	0	0	0	0	0
粉色梦璃	g5117_s_dod	16	4	0	0	0	0	0	0	0	0	0
g5118_h_dod	g5118_h_dod	2	1	0	0	0	0	0	0	0	0	0
g5118_j_dod	g5118_j_dod	4	2	0	0	0	0	0	0	0	0	0
g5118_p_dod	g5118_p_dod	8	3	0	0	0	0	0	0	0	0	0
g5118_s_dod	g5118_s_dod	16	4	0	0	0	0	0	0	0	0	0
契约之吻	g5119_h_dod	2	1	0	0	0	0	0	0	0	0	0
契约之吻	g5119_jp_dod	12	9	0	0	0	0	0	0	0	0	0
契约之吻	g5119_s_dod	16	4	0	0	0	0	0	0	0	0	0
心海香气	g5121_h_dod	2	1	0	0	0	0	0	0	0	0	0
心海香气	g5121_j_dod	4	2	0	0	0	0	0	0	0	0	0
心海香气	g5121_p_dod	8	3	0	0	0	0	0	0	0	0	0
心海香气	g5121_s_dod	16	4	0	0	0	0	0	0	0	0	0
海岛风情	g5122_h_dod	2	1	0	0	0	0	0	0	0	0	0
海岛风情	g5122_j_dod	4	2	0	0	0	0	0	0	0	0	0
海岛风情	g5122_p_dod	8	3	0	0	0	0	0	0	0	0	0
海岛风情	g5122_s_dod	16	4	0	0	0	0	0	0	0	0	0
g5125_h_dod	g5125_h_dod	2	1	0	0	0	0	0	0	0	0	0
g5125_j_dod	g5125_j_dod	4	2	0	0	0	0	0	0	0	0	0
g5125_p_dod	g5125_p_dod	8	3	0	0	0	0	0	0	0	0	0
g5125_s_dod	g5125_s_dod	16	4	0	0	0	0	0	0	0	0	0
时尚怪怪	g5153_h_dod	2	1	0	0	0	0	0	0	0	0	0
时尚怪怪	g5153_j_dod	4	2	0	0	0	0	0	0	0	0	0
时尚怪怪	g5153_p_dod	8	3	0	0	0	0	0	0	0	0	0
时尚怪怪	g5153_s_dod	16	4	0	0	0	0	0	0	0	0	0
空城恋语	g5154_j_dod	4	2	0	0	0	0	0	0	0	0	0
空城恋语	g5154_p_dod	8	3	0	0	0	0	0	0	0	0	0
空城恋语	g5154_s_dod	16	4	0	0	0	0	0	0	0	0	0
英伦艺术	g5155_h_dod	2	1	0	0	0	0	0	0	0	0	0
英伦艺术	g5155_j_dod	4	2	0	0	0	0	0	0	0	0	0
英伦艺术	g5155_p_dod	8	3	0	0	0	0	0	0	0	0	0
英伦艺术	g5155_s_dod	16	4	0	0	0	0	0	0	0	0	0
佳仁小姐	g5156_h_dod	2	1	0	0	0	0	0	0	0	0	0
佳仁小姐	g5156_jp_dod	12	9	0	0	0	0	0	0	0	0	0
佳仁小姐	g5156_s_dod	16	4	0	0	0	0	0	0	0	0	0
琉璃雪衣	g5157_h_dod	2	1	0	0	0	0	0	0	0	0	0
琉璃雪衣	g5157_jp_dod	12	9	0	0	0	0	0	0	0	0	0
琉璃雪衣	g5157_s_dod	16	4	0	0	0	0	0	0	0	0	0
玫色情节	g5158_h_dod	2	1	0	0	0	0	0	0	0	0	0
玫色情节	g5158_jp_dod	12	9	0	0	0	0	0	0	0	0	0
玫色情节	g5158_s_dod	16	4	0	0	0	0	0	0	0	0	0
怡情秋语	g5159_h_dod	2	1	0	0	0	0	0	0	0	0	0
怡情秋语	g5159_j_dod	4	2	0	0	0	0	0	0	0	0	0
怡情秋语	g5159_p_dod	8	3	0	0	0	0	0	0	0	0	0
怡情秋语	g5159_s_dod	16	4	0	0	0	0	0	0	0	0	0
幸福花语	g5160_h_dod	2	1	0	0	0	0	0	0	0	0	0
幸福花语	g5160_jp_dod	12	9	0	0	0	0	0	0	0	0	0
幸福花语	g5160_s_dod	16	4	0	0	0	0	0	0	0	0	0
祈梦嫁衣	g5161_h_dod	2	1	0	0	0	0	0	0	0	0	0
祈梦嫁衣	g5161_s_dod	16	4	0	0	0	0	0	0	0	0	0
雪兔精灵	g5162_h_dod	2	1	0	0	0	0	0	0	0	0	0
雪兔精灵	g5162_jp_dod	12	9	0	0	0	0	0	0	0	0	0
雪兔精灵	g5162_s_dod	16	4	0	0	0	0	0	0	0	0	0
守护甜心	g5167_h_dod	2	1	0	0	0	0	0	0	0	0	0
守护甜心	g5167_jp_dod	12	9	0	0	0	0	0	0	0	0	0
守护甜心	g5167_s_dod	16	4	0	0	0	0	0	0	0	0	0
琉金梦月	g5169_h_dod	2	1	0	0	0	0	0	0	0	0	0
琉金梦月	g5169_jp_dod	12	9	0	0	0	0	0	0	0	0	0
琉金梦月	g5169_s_dod	16	4	0	0	0	0	0	0	0	0	0
蜜恋冬阳	g5174_h_dod	2	1	0	0	0	0	0	0	0	0	0
蜜恋冬阳	g5174_j_dod	4	2	0	0	0	0	0	0	0	0	0
蜜恋冬阳	g5174_p_dod	8	3	0	0	0	0	0	0	0	0	0
水月伊人	g5181_h_dod	2	1	0	0	0	0	0	0	0	0	0
水月伊人	g5181_j_dod	4	2	0	0	0	0	0	0	0	0	0
水月伊人	g5181_p_dod	8	3	0	0	0	0	0	0	0	0	0
水月伊人	g5181_s_dod	16	4	0	0	0	0	0	0	0	0	0
name0333	g6002_s_dod	16	4	0	0	0	0	0	0	0	0	0
